,1_org_0,1_org_1,1_org_2,1_org_3,1_org_4,1_org_5,1_org_6,1_org_7,1_org_8,1_org_9,1_org_10,1_sim_0,1_sim_1,1_sim_2,1_sim_3,1_sim_4,1_sim_5,1_sim_6,1_sim_7,1_sim_8,1_sim_9,2_org_0,2_org_1,2_org_2,2_org_3,2_org_4,2_org_5,2_org_6,2_org_7,2_org_8,2_org_9,2_sim_0,2_sim_1,2_sim_2,2_sim_3,2_sim_4,2_sim_5,2_sim_6,2_sim_7,2_sim_8,2_sim_9,2_sim_10,3_org_0,3_org_1,3_org_2,3_org_3,3_org_4,3_org_5,3_sim_0,3_sim_1,3_sim_2,3_sim_3,3_sim_4,3_sim_5,3_sim_6,3_sim_7,3_sim_8,3_sim_9,3_sim_10,3_sim_11,4_org_0,4_org_1,4_org_2,4_org_3,4_org_4,4_org_5,4_org_6,4_org_7,4_org_8,4_org_9,4_org_10,4_sim_0,4_sim_1,4_sim_2,4_sim_3,4_sim_4,4_sim_5,4_sim_6,4_sim_7,4_sim_8,4_sim_9,4_sim_10,4_sim_11,5_org_0,5_org_1,5_org_2,5_org_3,5_org_4,5_org_5,5_org_6,5_org_7,5_org_8,5_sim_0,5_sim_1,5_sim_2,5_sim_3,5_sim_4,5_sim_5,5_sim_6,5_sim_7,5_sim_8,6_org_0,6_org_1,6_org_2,6_org_3,6_org_4,6_org_5,6_org_6,6_sim_0,6_sim_1,6_sim_2,6_sim_3,6_sim_4,6_sim_5,6_sim_6,6_sim_7,6_sim_8,6_sim_9,6_sim_10,7_org_0,7_org_1,7_org_2,7_org_3,7_org_4,7_org_5,7_org_6,7_org_7,7_org_8,7_org_9,7_org_10,7_org_11,7_sim_0,7_sim_1,7_sim_2,7_sim_3,7_sim_4,7_sim_5,7_sim_6,7_sim_7,7_sim_8,7_sim_9
1_org_0,1.0000000000000007,0.5219007360394944,0.1569573417548869,0.09099340099623746,0.31171540200487996,-0.046950613012079596,0.008026062203437748,-0.10935446578098812,-0.1729920344481021,-0.10178678978921082,-0.08689950431038437,-0.06588646005830097,-0.042735878256715466,-0.15539735837234522,-0.1153358784509485,-0.08341841254757225,-0.11464174747098231,-0.1535977699812462,-0.008914711138675578,0.01635025473570015,-0.0759909131402543,0.11183785990482617,-0.006083180741161685,-0.13656063912461375,-0.08129974375024125,-0.0029741560020240003,0.04055829576492549,-0.07930058434447648,-0.005856394614531945,-0.03967412233210504,-0.07693659159265069,0.07899380927224836,-0.018424567415628253,-0.03740713636854248,-0.014504410262514441,0.005173489138717107,0.019054005945166007,0.09066185659406553,0.07420314224705321,-0.031050840819283096,-0.13007029020715993,-0.10316525318814047,0.017382200051865488,-0.15168820014177892,-0.15256917414418264,-0.1336484455980976,-0.05490756735229961,-0.035008154377213524,-0.12198500452076985,-0.1523080823850239,-0.16708307983072446,-0.1913058965080207,-0.13173827093624763,-0.20264731166288996,-0.13953864133740235,-0.1354844654128699,-0.07795998558606662,-0.03724275374861889,-0.1987741752322359,-0.13377090616256465,-0.018600631094502093,0.04555833705338698,0.02489765696849987,0.0007625960366995262,0.031119850556781,-0.04323441455321132,0.030493225258458163,0.014464952835641136,0.11333149779166474,0.15518634132779932,0.17441478427485385,0.07381983118406535,-0.03949174226145276,0.033224903419166854,0.08883225252284968,-0.002333926072406613,-0.050609017019614094,-0.03577723586285518,0.0024293161729209145,-0.005898828727203206,0.04194935439673898,0.06316409773711149,-0.06211421045057636,0.0518285364593395,0.17950759655128756,0.23539496716713543,0.16234130338701408,0.10657953520627016,0.1919819775069,0.20785460873966685,0.11662009420156065,0.10742304200940231,0.2746216823912343,0.17554241215895106,0.09451112934826698,0.1690917450334885,0.26316656103908465,0.21613689667258296,0.2097758571030949,0.177657541934152,0.149010355261032,0.22224881196553847,0.08320065786602336,-0.004963319025200544,0.022913816921611336,0.07621383765326731,0.09646453374697515,0.04385416657230333,0.039559175305030406,-0.0784435491443378,-0.1428763172898273,-0.08260045372069302,-0.11890592282690049,-0.03419142003337886,0.14713686291105027,0.06300815157670799,-0.02643390892188973,-0.12200751010852327,0.0019930019865186666,-0.0026185182033737478,0.10216118182012865,-0.02615895459780731,-0.1730843848733261,0.0031666888131523605,0.11897755875034557,-0.13173602396185635,-0.1059927330465123,-0.0910741650751509,-0.04603980110696436,-0.189403645888516,-0.06116338170273682,0.07261278891804032,0.08160356591508255,-0.03932587643140293,-0.0675842329007856,-0.007964422060552472,-0.05304536884567827,-0.07819538560636476,-0.1560142944945001,-0.08531687434308546,-0.08368945700203279
1_org_1,0.5219007360394944,1.0000000000000007,0.4286190074833829,0.364492679488848,0.6533406817663757,0.12533396357926285,0.16780070321525517,0.12140192996824745,0.2410267268268585,0.14627647482926598,-0.036031535866944346,-0.0547926765315316,-0.15777356186269198,-0.07243828153098378,-0.13665345877332438,-0.1694229566980121,-0.02938906745942576,0.03137458328978038,0.10064072823715284,0.13064142399758236,-0.03342208340827924,-0.2804289122894693,-0.06851886490994315,0.08848958518257875,-0.24262678175629665,-0.2858777845914239,-0.0345466953562964,0.06564212694966712,0.06158940964372169,-0.16718621603442785,-0.24933121819195508,-0.20279461779132868,-0.33244944180906144,-0.15186032070108263,-0.14188164149881555,-0.21876383545315464,-0.15173740833472343,-0.05469600065834267,0.03667436557519983,0.10064078816849872,-0.11672963278392284,-0.2251492507407003,0.09715543756606375,0.15633870526883362,0.14366021377250732,0.11949823958006112,0.27849518206866564,0.17988345652014068,0.07345100101696295,0.09544533589209311,0.14526606608536616,0.05076972126871533,0.06034255030685069,0.17394511790157502,0.07484546637748923,0.11382253578067103,0.2327365405927393,0.406516304224341,0.06943966925123773,0.06506247920661229,-0.07464289293223597,-0.04152848595828108,-0.06973763602059628,-0.09376978760835628,-0.010299045081671952,-0.04693927196798703,-0.11002410326776098,0.07131853625327789,-0.05162980245129363,-0.07115788015071008,-0.13208628512656279,0.0015426063712737845,-0.02472563818013312,-0.10075956442688594,0.007219034252928627,-0.03888555253778603,-0.050418574894496304,-0.12785936056621486,-0.019060485615359214,-0.11613699046088968,-0.050193281978049904,-0.05254439034816136,-0.1336121161588738,-0.1038243997470813,-0.21044514357371985,-0.11107987594531347,-0.23831505954395032,-0.2090686876759373,-0.08152068251945935,-0.1468715116640023,-0.2687042606310657,-0.23741101394985642,-0.07148386825372396,-0.12575925411812852,-0.11115348578797954,-0.10032892230217752,-0.12099697073906351,-0.09966388840314572,-0.1762556061159007,-0.07501130079633336,-0.14466263523751074,0.25237697793557684,0.02291377603266574,-0.06472004148714439,-0.09349911384201164,0.0011002044666013865,0.06725500069949467,-0.13540924914268077,0.030682162933835293,-0.019798847608805095,-0.1681967921982306,-0.07365782858383854,-0.05501491281847089,0.024629533459303084,0.2400267285146327,0.14112987463045262,-0.01785028934350566,-0.1197308123349325,-0.052969322567985574,-0.12372710391802944,-0.03718308408886015,-0.015351901242708903,0.0001539003595352733,-0.10442990233261225,-0.0325542076223246,-0.0019040403638830227,0.011103658156594629,-0.06234552780262757,-0.08885532569768524,-0.05053268548813692,-0.203792699468976,0.0358984838230883,0.12829032375276087,-0.020762078762145933,0.13925097933364466,0.10689627577112792,0.06019012451560698,0.2204703302970059,0.12207614448608609,0.05361828770095175,-0.09391955569830576
1_org_2,0.1569573417548869,0.4286190074833829,1.0000000000000004,0.5443528114720789,0.5645383283458286,0.6475130309700214,0.5610451493570656,0.06794493063214543,0.5029539483480046,0.6798923214473735,0.327994158249671,-0.21145117572822475,-0.06673987181942806,0.0036740624001811995,-0.24294345226373415,0.014251322743801371,0.09371277370995738,-0.10480244741618046,-0.033959869564353415,0.21483337201704933,-0.13928695476658876,-0.1633473963262163,-0.3097201829553783,-0.15847870568846062,-0.0615643655740544,-0.14039203720832416,-0.36601354603839575,-0.10570984859768207,-0.17351326909410286,-0.14561756101856702,-0.15611713368273739,-0.24725340244814825,-0.02048322252752765,0.12779275906811294,0.08142775494425637,0.008521543321016383,0.051687524478073815,0.012019253783723465,-0.15144439608178534,0.042265538515042965,0.056881263005674976,-0.1266961080853053,0.29982046657810035,0.4609770183779175,0.3076695039768673,0.32931173948763126,0.3921316959394864,0.14382740624112883,-0.1681657497811714,-0.16843783001641668,0.13663749414470283,0.06474780211150773,-0.22784722817142242,0.13403982400583847,0.2613359652445755,-0.07945732301506338,0.310320246953245,0.4648400695312477,0.3777119728625852,-0.02727743359191534,-0.26847664546613875,-0.0008691910088128594,0.017531237436381342,-0.04595758068583178,-0.12984077775024166,-0.3006572825732842,-0.18786796597721422,0.09778659738537196,0.020426095946192897,-0.14935119064755945,-0.2538228157449226,-0.013002197965336366,0.0343923190847391,-0.03488627381346206,0.14026356287417333,-0.009692795858874009,0.02415647842131642,-0.0340512117439483,0.12437369954535232,-0.24345444710714642,0.05760957862077726,0.1623919292778459,-0.05763648809691418,-0.2620262574619867,-0.3060385952087949,-0.2202277369608459,-0.3105071364236327,-0.266565116041529,-0.1032894666123079,-0.20765508691414541,-0.3252653398601266,-0.3285776104881095,-0.27359049633261673,0.014079010217162787,-0.041921104304761994,-0.06537201009032993,0.025253060110740296,-0.015640228889176693,-0.139128631764266,0.02214792770520773,-0.13385427391045976,0.1534625271532157,-0.30347919700165116,-0.31918006517034964,-0.24229824586583332,-0.28115306634859094,-0.17876098133662224,-0.26301795303205633,-0.01941015959010917,-0.2447656178207189,-0.2550403738576851,-0.1385834597913309,-0.08067331024688079,-0.01648309268989443,0.06286635721492481,0.04717684258794749,-0.21443009059752782,-0.006191056654067079,0.0419479172193578,-0.2741704976836426,-0.14270881015521575,0.03498988498424859,0.1334409632648893,-0.019104243440265165,-0.11160917352041475,0.010716750004570872,0.056025808470460646,-0.11182360518692329,-0.08706821756834277,0.15514575951933407,-0.1547282117904017,-0.2532667346272266,0.11462546982749147,0.09423729815783813,0.06132761159155782,0.13521788020004596,0.17357561906532032,0.2485487137985647,0.10048625015203097,0.18596102541120557,-0.09428332025468128
1_org_3,0.09099340099623746,0.364492679488848,0.5443528114720789,1.0,0.5214723656690226,0.641741778403706,0.5727352225481874,0.13691570957072519,0.41529716725633137,0.5240654918251846,0.2552495160061665,-0.23790309976025814,-0.1310606906171391,-0.032927135086724346,-0.1565804656868623,-0.07352178355128176,0.01894697658942745,-0.06130425127966023,0.08266107482518162,0.2301516632682884,-0.1336683680824589,-0.09325497578758982,-0.1801762203405696,0.025264892431495784,0.02942189718581896,-0.11214973534177156,-0.17444627042166477,0.0820641880369649,0.021349830304833103,-0.047250415736573036,-0.09930241592019468,-0.29452632536125195,-0.10893404039903902,-0.014175792180700794,-0.027904966530900976,-0.05030296920856966,-0.05608607012647422,-0.012792446627475647,-0.06177410261547382,0.044929063850688594,0.06658574340183777,-0.14204276793616705,0.15891994298531362,0.3465367964941308,0.2238334317117056,0.19786538499144413,0.3247772361389808,0.155610237476767,-0.14619031833887833,-0.1094266625858358,0.15391918427098633,0.10739365565745608,-0.0850137708997118,0.19395602460166983,0.28015821964101195,0.04734958561069346,0.3758177052340297,0.4021283688003119,0.2973613755255128,0.09753704715587225,-0.2834488256352351,-0.08644854804624538,-0.021063993778340992,-0.052355485841324954,0.034276075948791784,-0.15545801928589234,-0.21050006965347973,0.07091957871423046,-0.014738177723233289,-0.15883618968738314,-0.20376665792101323,-0.14206121536149796,-0.06369818075489486,-0.12566830975257143,-0.03887975435258815,-0.10043448048823167,-0.06651386375176757,-0.07821843824455865,-0.005397237773268115,-0.26314251740741024,-0.07072238432327214,-0.06236714229132834,-0.20099747083424352,-0.31572032368004155,-0.306537509191449,-0.27410466811704826,-0.33772317107931615,-0.32951291434188246,-0.25064922278274987,-0.3148405111795919,-0.33168557782672575,-0.31505441483586905,-0.30970296037182926,-0.16271315674979628,-0.11774351745878209,-0.17452889379336267,-0.13599988050598427,-0.169149895152334,-0.18530602230277476,-0.07859393923981621,-0.21560321663058835,0.025945652081811064,-0.16450393766216362,-0.19778214968076746,-0.192651733254266,-0.1755185773281878,-0.09697884364256569,-0.30393978688251433,-0.03774754659464198,-0.0538441782274077,-0.09638916915000005,-0.08176830264531858,0.05172132456449847,0.18795632403347412,0.12307468051212446,0.19073700524907522,-0.016161128382956576,-0.0055750509484542785,-0.017357761120926313,-0.2650927021456254,-0.03548913778952989,0.06931583689063162,0.11697354517183287,-0.03892369327089126,-0.08830422788042049,0.046880005521887175,0.07747664055174835,0.0646985091199121,0.009116322770112798,0.1253739488599646,-0.12969508135192492,-0.13902947915101876,0.08878323147809236,0.07726360859334888,-0.06254791589155972,0.1295574015602114,0.1625056705335351,0.25998980760927604,0.22794683572702162,0.2645078278129883,-0.0015828403412017807
1_org_4,0.31171540200487996,0.6533406817663757,0.5645383283458286,0.5214723656690226,1.0000000000000002,0.3746377290985362,0.3703804760484517,0.21485079077288052,0.450380235385873,0.3819458610682927,0.1164734007205325,-0.20225795633599866,-0.17847518663285872,0.014457066868932517,-0.18004208597135302,-0.21025410171543407,-0.04536362270916595,-0.013097256725657848,0.0810558270565784,0.14835956870152267,-0.058550225616460824,-0.2780526028715967,-0.14438903578861828,0.10263774840452546,-0.19879088808984774,-0.2648413015659154,-0.09026530350791723,0.08704504395381191,0.010162751869630442,-0.15640462199275804,-0.23636147098916693,-0.2259623009513785,-0.3041038592287357,-0.1455620303860658,-0.06022914518744907,-0.16204799147799936,-0.08485409058086062,0.0004030430684206273,-0.016275630441624674,0.15903744753247429,0.045541590556444626,-0.12428853232778501,0.1778554571336997,0.28850640518716286,0.2527448734442013,0.2266109321053021,0.3412766487894048,0.24118497933892907,0.003403212429809771,0.020661190024340508,0.2076166490031866,0.06230289760330138,0.01584718551208803,0.25272650558482607,0.2243996733085925,0.10596714902471807,0.282506764596079,0.45195620160682987,0.2081767796058042,0.12811588979452232,-0.17435255586125936,-0.15473823418854632,-0.15555750391040127,-0.14544982605255763,-0.05727846067780879,-0.13616162791620584,-0.18380648134071909,0.005608194616418191,-0.1245684671752772,-0.2344916553839841,-0.29677032966998784,0.0022774527975119134,-0.048271538307836155,-0.1507016447341028,-0.03685991516586479,-0.06207630339236945,-0.0423649501400487,-0.14691300162760995,-0.04811769261368411,-0.2530564414174501,-0.12038913442150276,-0.081900175517922,-0.186111206098596,-0.1992668995402906,-0.28988975942200246,-0.226536191274653,-0.37897647462732054,-0.29051421467160365,-0.18079199532194984,-0.24796533262717096,-0.35074189936892664,-0.34151466758412774,-0.16357782509306498,-0.16673029360670588,-0.10108380737717418,-0.11608227781540131,-0.17224465059552205,-0.11484794144642341,-0.2125315718016348,-0.129970561357034,-0.18841400368616196,0.09662375725709844,-0.09629885950641451,-0.17256174700422527,-0.166674371525701,-0.09663369797923299,-0.023732181223151502,-0.26932218792128215,-0.014284270981588517,-0.037974496561873655,-0.21538420883241932,-0.10281686083942021,-0.0030012321496714397,0.16289283469740465,0.25687041031141145,0.16551453675868485,-0.0467134655122922,-0.1148086808256228,-0.04927905370935086,-0.13846430890452313,-0.08298567327278181,-0.006559964873329249,0.05610673058255598,-0.10904426735503123,-0.09299764932374123,-0.015819590438353317,0.09451329533218625,-0.018579870825704503,-0.050902348102452616,0.020792590857893617,-0.19276073910749872,0.004085207589487359,0.15272438148246575,0.10574214411580989,0.12697057309914253,0.12703677750431452,0.15047415432542577,0.2715825063116502,0.21899060000895232,0.29321845075772013,0.04087574790483703
1_org_5,-0.046950613012079596,0.12533396357926285,0.6475130309700214,0.641741778403706,0.3746377290985362,0.9999999999999998,0.6222034348968527,0.02983333840332239,0.5111589027167228,0.6952400053636019,0.33841073154488566,-0.23649905063657473,0.0017775814074873506,-0.007618277875166144,-0.17625878957245078,0.05852243318440031,0.10206623856641173,-0.10586532371257476,-0.03905480379979223,0.17009605624569452,-0.187862655885347,0.03778709447035976,-0.2518108076780229,-0.12029716691091036,0.1749448652739033,0.07071655933161619,-0.29186770753576163,-0.020549217687869267,-0.17433431604127217,-0.010610058094265545,-0.07789471612673987,-0.24420273916244806,0.07404149408857999,0.15910447174999257,0.10435338718970288,0.05628393813677575,0.17384234815324306,0.04999523312137577,-0.16044558273287174,-0.00509605055810773,0.19309779834957005,-0.1359690607425511,0.1771945911380397,0.3722115855137006,0.22449368599189948,0.17787983103733346,0.24294722204879754,-0.017368973770725306,-0.17143817426378763,-0.198352585663513,0.07163670232477702,0.006365162306355653,-0.27577748080997894,0.09239334619195448,0.21925144077009626,-0.13529840658799575,0.21087870754910126,0.28348169347265495,0.3357494603466789,-0.06039037220229042,-0.2941366718035343,0.027440149066996523,0.0060888255441028,-0.01797703457357537,-0.06904980469484236,-0.2333045253013894,-0.16406513554263208,0.05141378427501851,0.06381560070994986,-0.14687361788910847,-0.24905125285596458,-0.052889221458396966,0.006239914827622478,0.02531269678343929,0.12759870004493115,-0.028793488354998804,0.033571906674739166,0.07693918022849497,0.1528901894998989,-0.2560890913161279,0.03488601644487099,0.10022491259044056,-0.13176323863845643,-0.23879429709358835,-0.1672304157348461,-0.15938103878063925,-0.3038859770086183,-0.17856662715457763,-0.08810529587211482,-0.18003266697218867,-0.19194192369366725,-0.2331703903225785,-0.314795451547601,-0.062088899547088156,-0.07511737024690357,-0.14553917981228515,-0.07387401791073625,-0.1341250794663736,-0.10358246972132037,-0.04192849096348217,-0.26616503954283466,-0.009972049216414251,-0.3494253835112887,-0.3263565005793077,-0.30597422255276435,-0.3663674483238124,-0.2196135374599804,-0.34711329785692946,-0.031072810293207492,-0.2198887478800703,-0.1539737453177686,-0.1745554562346342,-0.07799496775055773,0.08746540980497997,-0.10646570545274997,-0.025208110483638253,-0.13938548820440352,0.04829823907329886,-0.023266762515774173,-0.25600262552651715,0.04120931144093429,0.1905717151865141,0.23614424629424613,0.08905171683497946,0.0037037383942726022,0.11163840603267941,0.15319152726797575,0.10757401783977819,0.060343916395226224,0.25552043715453754,-0.11140092278038581,-0.2591500618210721,0.13497097386593515,0.08269601560754769,-0.037544231424370564,0.14493655251985468,0.2022709144464786,0.19303623189464753,0.1567757543028591,0.2208601140598952,-0.09221389784777384
1_org_6,0.008026062203437748,0.16780070321525517,0.5610451493570656,0.5727352225481874,0.3703804760484517,0.6222034348968527,0.9999999999999999,0.2570162443087985,0.4271055946884891,0.5487612681392832,0.3842126835913168,-0.30598015510095744,-0.20247644721343286,-0.15868815637593695,-0.28451809672981265,-0.16001822355215936,-0.1558984779946959,-0.1701941040698028,-0.1265804434201422,-0.03479335777004198,-0.1492834709075888,-0.009237411006631068,-0.290084278592133,-0.11743991021549972,0.016811926149284402,-0.02932956851606815,-0.27850255225091713,-0.006460637711606964,-0.07656407304429164,-0.08073087552266159,-0.02848322008176662,-0.23660578447919742,-0.07701003476501936,-0.03880270426282211,-0.026608151811587214,-0.07790133958062459,-0.051660244720607304,0.043827578571860905,-0.11163656493729746,-0.04790052191281004,0.007792785375820999,-0.05397654219864227,0.32721909539243227,0.4709634236931154,0.38786143185908045,0.411509996773535,0.397755608107869,0.22084104254684989,-0.12480995258312286,-0.14518096067417463,0.16342597010232285,0.13410227194702345,-0.12286023042520196,0.13030650891667514,0.31716581770124674,0.0623544491105177,0.36213866770216463,0.33071769672839274,0.3211463775076417,0.09089357573570653,-0.29878197042361426,-0.13423698058356498,-0.10878451715652657,-0.14224011304610543,-0.16601199211266032,-0.26375921393075197,-0.21967205085539232,0.004121275529109535,-0.06479840517891372,-0.16909919172041865,-0.23909730758448228,-0.07668123857526195,-0.07989165233245038,-0.15978450636155908,-0.039038716841973416,-0.08535809065859822,-0.06550736751595249,-0.12142413053365482,-0.030290545535852625,-0.29507104744596957,-0.10616597004561493,-0.019148645164516857,-0.1350222132124929,-0.20654462728376513,-0.24845689875375465,-0.17016229352143228,-0.2628949367102159,-0.21582027183216254,-0.08365604317653913,-0.14791172211818826,-0.2151740720939621,-0.23001652883717597,-0.29784591230565105,-0.1295218744685111,-0.09247563890216234,-0.09863188637449827,-0.08457544199233408,-0.07939452253193016,-0.12678905845113456,-0.0046945926529971625,-0.13177382168827467,0.008730256463728808,-0.22939534830080616,-0.21183939196025856,-0.23732613175359202,-0.28768225717514606,-0.13965299225120942,-0.22311731959765196,-0.09506529376479723,-0.07197483850148584,-0.13575787950808227,-0.1349426029514315,-0.02374696152654182,0.1388095592489378,0.039012817464314266,0.056180034724244404,-0.10440975154135473,-0.05810589796136225,0.014941026253838311,-0.13870530238354625,-0.025897949482996133,0.0584894371365468,0.1697427154789264,0.10126636267826677,-0.04883018841895162,0.05178981885063145,0.07244619182138765,0.0688174373387492,0.03348363117381324,0.18440159660088085,0.02264545157690738,-0.16908053633282674,0.0851139165202913,0.08977420492536037,-0.034942819649956935,0.007314584391532018,0.10704959430468312,0.2577656303772996,0.1918751486779997,0.25547431308338897,0.024505709083803166
1_org_7,-0.10935446578098812,0.12140192996824745,0.06794493063214543,0.13691570957072519,0.21485079077288052,0.02983333840332239,0.2570162443087985,0.9999999999999998,0.4656083388500597,0.10551349250765134,0.10347970446843674,-0.019477264176980723,-0.22157247931325486,-0.038955086101353044,-0.11957398728193128,-0.3675322850119778,-0.2659881486175773,0.15667727649441837,0.10724802207738662,-0.18873612474263463,0.12941105665172395,-0.25149845044982383,0.014799918579576025,0.21783273349052634,-0.3003933989025901,-0.16067232680451876,0.1179176593460112,0.18653462010135563,0.19234404409002476,-0.17427344780132037,-0.0530388114065666,-0.07484923178552219,-0.4857389469231821,-0.5276894671858258,-0.4120123245028407,-0.4053420438605432,-0.4287667347800034,-0.29760076923770906,-0.000595042333992846,0.03394427367049262,-0.22618556613657576,0.025642921185675606,0.3143117402626781,0.27550586177304204,0.3547993494418423,0.30406893195082674,0.27004054609178285,0.3439879496934354,0.4485267244275253,0.4276004238649362,0.4151213635567529,0.40846676649313757,0.5177955728022607,0.37065084557556155,0.2723702694073296,0.5959592826259468,0.3535723376207943,0.28408651253593614,0.23768975212925025,0.341609176669032,0.11288195558148881,-0.3280830976096981,-0.3848688577047461,-0.3466126515435586,-0.1729808480459008,0.10487207283319772,-0.2610157167927377,-0.223350012888326,-0.4371542638867698,-0.27652718023198747,-0.2780766538292581,-0.006484517836732931,-0.003257795278638091,-0.26528242653511713,-0.2875204860317906,-0.07316033392189154,0.008876003805347222,-0.2775412778143348,-0.2446766759184939,-0.042203779166351846,-0.248291176871917,-0.4003400086392708,-0.08264098495232373,0.09967882286334062,-0.24489524926008854,-0.21212770880678472,-0.2610954977155484,-0.3230068282118589,-0.2587890936234157,-0.2616880577737545,-0.3468965361426912,-0.1827560611413055,-0.14650145978656615,-0.5078023926828045,-0.4075672478965645,-0.3956571165750692,-0.45331189631915225,-0.35364327002337714,-0.486407505678065,-0.43996191575519045,-0.18405185122815698,-0.035890515641964986,0.0576613842333953,0.182809394616398,0.1251560756525761,0.15507445566291764,0.033876171861536256,0.005045210148285203,0.08937706154381625,0.15533594763289055,0.08534440427677764,0.16616810546094207,0.3063136500496937,0.13310146658267683,0.038901710838185236,0.03271337901662802,0.14794398763168456,-0.06561074854830468,0.0439064129509024,0.15809249262488523,-0.2738872921169182,-0.21726769669981014,-0.1521383407488416,-0.286818741420358,-0.25267187429286164,-0.08770476938499441,-0.14834690355897664,-0.02562166387620756,-0.1706533693727437,-0.17820048289609033,-0.0947538936224028,0.16337009674384761,-0.20266919183313134,-0.06750465618854383,0.005123428551068204,-0.171199252432844,-0.19679051585268828,0.15081340751857591,0.2206968542905403,0.138513290403029,0.23329181385376543
1_org_8,-0.1729920344481021,0.2410267268268585,0.5029539483480046,0.41529716725633137,0.450380235385873,0.5111589027167228,0.4271055946884891,0.4656083388500597,1.0000000000000002,0.5928141888100273,0.23893803310473477,-0.15285940240242984,-0.11056598393388622,0.019334027175609145,-0.13300782871737674,-0.11424593548344533,0.04503534978096199,0.10643823399817609,0.06964232333594958,0.05390868518641451,-0.0636222391389003,-0.22466372590244957,-0.073464616691711,0.10241561871392688,-0.06374773956597533,-0.10684814179547338,-0.08505851271321409,0.14515141654235247,0.016051177876307596,-0.15041998742343432,-0.20325926118395987,-0.28769377682195796,-0.2968227581737665,-0.20032539222490087,-0.13937748800186311,-0.21356550469433955,-0.15163080248072824,-0.14980480183799905,-0.12027666252076014,0.10452704193278999,0.03436815654096456,-0.16163202044105637,0.3016216970071461,0.4332446196300656,0.3866310688779448,0.3565248415244664,0.36288512595449124,0.1640242557878175,0.1706546478138406,0.10280985359102116,0.37959744235941395,0.21851383877867359,0.11116455467713307,0.43273513014262666,0.3479332678462418,0.200149225290197,0.40635687081333216,0.5028064913827013,0.4409146737421074,0.13144502910841002,-0.1128756564437233,-0.16729190656365112,-0.23816519857719826,-0.18207054344598472,-0.10251937468044359,-0.07060203666953696,-0.22079558870750188,-0.09744948973642478,-0.21502446659642266,-0.287452829664671,-0.38374732486316665,-0.04340319097569106,0.020482330846158782,-0.1188772598291911,-0.08088591365521444,-0.08898516797609266,-0.0035609461164117437,-0.09910246130866927,-0.0002800039274850827,-0.23441601775787882,-0.09268830172831577,-0.16892912552597678,-0.18261451508442222,-0.20232661878700361,-0.29919651621347754,-0.27613690961334636,-0.4159212680409011,-0.2988672988064015,-0.20179530030476134,-0.2898613157636901,-0.3747007503940084,-0.3794242423694643,-0.3173274005328026,-0.2687456088347812,-0.18776582402027536,-0.3062742717247263,-0.3085933307769604,-0.29163614023356277,-0.36732749385665747,-0.24622139688399403,-0.3451681815580886,-0.011944335740765142,-0.1625087052247635,-0.22473946932700545,-0.24093529442987016,-0.23318081797535545,-0.10783816832118497,-0.3033070387575898,0.013602623696029846,-0.06110161788020867,-0.1847864846808797,-0.1352647745119664,0.060090785171192526,0.10771235344008973,-0.07802644199354952,-0.007062190328244837,0.0003738857879002234,0.011413109310518258,-0.08175117502363458,-0.17156198746909773,-0.20219371061705851,-0.009674234963920138,0.11708848640297857,-0.1199999803718805,-0.17623934597266894,0.04002148177389106,0.12563584349556753,0.09864955563986631,-0.04507495518293696,0.13446737243440413,-0.22351079026226717,-0.054370621618519695,0.024223592033857266,0.05039454223850269,0.1553157664528202,0.036915823330971376,0.10946004382774169,0.2905123107544529,0.24140709750200334,0.23083183006882627,0.01835211846924233
1_org_9,-0.10178678978921082,0.14627647482926598,0.6798923214473735,0.5240654918251846,0.3819458610682927,0.6952400053636019,0.5487612681392832,0.10551349250765134,0.5928141888100273,1.0000000000000002,0.41802251187253425,-0.28263518766757956,-0.09101465416592788,-0.07989856887815253,-0.27885290294522597,-0.08167849384425895,0.04807525058338806,-0.1086375453135345,-0.13239603986663018,0.11897993519782371,-0.18540791780025873,-0.029034199915689642,-0.2365213433850203,-0.17284324499510229,0.1539935332381103,0.004293530242726124,-0.2827404749185213,-0.04719052165808407,-0.11418069339321527,-0.01984168068433442,-0.07892147496034405,-0.23348278702081712,0.014663664787451418,0.1317358493144084,0.12676447925108997,-0.0017537436806897054,0.10668666172398952,0.0452256608255885,-0.11152456074589562,0.11417379635851085,0.21846021388764347,-0.08093547850259676,0.2856244196234132,0.49492035062636935,0.3374706340088217,0.360479526484443,0.3768195349914467,0.032812145182113145,-0.12520920008821468,-0.196607885223829,0.12238880211289027,0.11861324865644116,-0.20058554907733084,0.17590405372915346,0.35338683369623103,-0.058582028559482024,0.2643709312066802,0.41507739986276565,0.5078843435313909,-0.005482677327181227,-0.33176555652105133,-0.06536754512387932,-0.0945532171043131,-0.09952883382514245,-0.16827286045270978,-0.3245591465331449,-0.25719872549126804,-0.10051802430659917,-0.08113531899287492,-0.25863809914751923,-0.31405058542039616,0.0035211674628016516,0.05696302452761112,-0.00765720737729382,0.12107698080801876,-0.058233493983075965,0.05223079867299459,0.05511562247598599,0.1712737388030922,-0.2368665203689364,0.04404071040247388,0.09508275036034636,-0.05587935353665684,-0.2374760561598642,-0.20420545013939453,-0.22423450387445723,-0.2955897742909033,-0.1758268619148846,-0.05234839829456196,-0.15631971012290724,-0.24095104713842397,-0.28301804528259744,-0.3109042027988632,-0.018323320612741105,-0.01651435153528557,-0.10625713469636057,-0.04425429651076586,-0.07464094546354655,-0.11460334980498926,0.01792961226482343,-0.2021013441422324,0.03892980656351931,-0.3122330330798744,-0.3225828430146248,-0.30641370710230265,-0.37611323046545553,-0.2912572273970122,-0.3171936683116742,-0.1470792421229177,-0.26876895742561796,-0.2361896173735022,-0.22742456848035614,-0.11154070678688818,-0.007515613471567229,-0.12499658130515451,-0.08493762662180518,-0.22680730378808933,-0.08080418191943431,-0.0846077261053336,-0.2633653510306731,-0.10446673221052784,0.0678335338648653,0.2284036642584747,0.025824119317604033,-0.1114694713398525,0.07191439556160756,0.18263483100148403,0.07856446890780128,0.04068310334312688,0.26242400452501635,-0.11462981913168821,-0.2985483940774876,0.05530533002087927,0.15359976855355373,0.054677245877777864,0.14089364429956672,0.18571124650646625,0.2934700204786204,0.22826648486152556,0.243622593796113,-0.049228707365552744
1_org_10,-0.08689950431038437,-0.036031535866944346,0.327994158249671,0.2552495160061665,0.1164734007205325,0.33841073154488566,0.3842126835913168,0.10347970446843674,0.23893803310473477,0.41802251187253425,1.0000000000000004,-0.08078628090785325,-0.12554719522088315,-0.09677279015699908,-0.12692072485426267,-0.15380273253016086,-0.07670633670870194,-0.02662978156128607,-0.10108609458914064,0.004666083984524602,0.37163237708033126,-0.09107049718529915,-0.19697372325667595,-0.16379908779590618,0.018832138141250947,-0.027029416801444092,-0.26374097524382656,-0.015537596991938584,-0.086472617966097,-0.18697503819904338,0.0859422149802952,-0.17983942248347795,-0.10287562129884424,-0.10839942484621404,-0.08216795090056052,-0.09914811529128842,-0.09445837025968329,-0.13171497923616798,-0.18849059759805564,-0.18110053682972327,-0.11612202682419895,0.2345924633604492,0.16488353406425893,0.29320351914390574,0.16319082561162118,0.1614246652131696,0.29220726577028866,0.39317028236917995,0.004656131843865286,-0.10616405642226215,0.009687107671089648,0.30113236090084894,-0.02442271346002616,-0.026187247307265724,0.18004176211321166,0.021346621484949754,0.14102789356047368,0.11497648999965565,0.216314282552574,0.3438684812041209,-0.14943976258281302,-0.26196649271524186,-0.2884712786436583,-0.3033089760135207,-0.29275397760713096,-0.2575099188636829,-0.2658940585386575,-0.20877019571738187,-0.16746511953509907,-0.05126492595157725,0.15804497249435825,-0.05337370995048995,-0.04371418289685064,-0.16680845490859733,-0.019930905398676667,-0.09787358938803312,-0.1268372080913376,-0.14088863040537172,0.023891596647725034,-0.06026085205847555,-0.043977785304198776,0.07295975377977051,0.2563405158140849,0.14786889088901817,-0.1372047428060701,-0.1942025741552894,-0.06811850115022539,-0.008531763329265012,-0.02947138770098744,-0.05104548232569032,-0.0066213213176561266,0.18953922469914214,-0.13566221656399222,-0.004713517128856166,0.07205253930165204,0.05259032322444532,-0.02154807735871174,0.14098834265896418,-0.039867969004427045,0.06285848048212712,0.2622856164693719,-0.01674957208718232,-0.2771995185236324,-0.06856105776414688,-0.10206430751404647,-0.21793205482833516,-0.2209267068146621,0.1780201069430568,-0.19761651243160128,-0.2403837869810886,-0.06823683476545338,-0.178532745614516,-0.07703044267764107,-0.17459346969711625,-0.16813387147383904,-0.22232922868815191,-0.2696655560837045,-0.17657186239344674,0.22950790505188653,-0.04449741019491592,-0.05615955066223645,-0.11031043053290937,-0.021876792845417818,0.05642289674994777,-0.16978405767978227,-0.09666486304874622,-0.0034749358724624844,-0.11764230201162312,-0.1205991253382573,0.030006421143464954,0.42983660673780744,-0.3222487408710497,-0.10410511971405305,0.004436858916237076,-0.09199790406743905,-0.1886603556862444,0.04397060785854864,0.0804151750547151,-0.007096052923732117,0.05807013100350915,0.316823662034225
1_sim_0,-0.06588646005830097,-0.0547926765315316,-0.21145117572822475,-0.23790309976025814,-0.20225795633599866,-0.23649905063657473,-0.30598015510095744,-0.019477264176980723,-0.15285940240242984,-0.28263518766757956,-0.08078628090785325,1.0000000000000002,0.5460306946728736,0.2588477503420925,0.4349124919709341,0.36482444395372093,0.3407024957229384,0.3212081987360384,0.38635110844916,0.1986673672945312,0.3835940854498534,-0.13988692995888102,0.10109755803456948,0.12965837505863384,-0.14118957130233878,-0.06417709997884168,-0.023112175164449283,0.0025023941331868693,0.26174732369738296,-0.13701889217331212,-0.12654097618053242,0.12272797373973214,-0.23700938020692652,-0.24138206943413537,-0.3400528743801342,-0.30917495660390565,-0.28407853650002635,-0.3860681998189505,-0.03177489979089257,0.08853211577558673,-0.3583494898016182,-0.21919759146675344,-0.10018720028629444,-0.1714311090662194,-0.15728620382869404,-0.21256558599971187,-0.1329034222819881,-0.10834113711638207,0.3578562999661166,0.2625501033972431,-0.14487186010334618,-0.07561680049482093,0.12120925069483052,-0.0719383013408983,-0.30758137780189615,-0.016927504020241572,-0.15907244687435607,-0.23113926879064345,-0.29376238521219733,-0.08368025600637168,0.5942338750025734,0.1254858944809686,0.019289976043939713,0.03188054473631917,0.08714050094027295,0.33429325361915907,0.15636198181277755,-0.0027902958419869367,-0.051679322538821,0.14558248210922303,0.24316440871690426,0.3684469161494892,0.24380082146429125,0.23622011656765424,-0.03732607793725941,0.23970895746015886,-0.07174394673944798,0.03717693648317647,-0.011538210028683188,0.41540637894197596,0.10884128743741064,-0.14997279148142384,-0.07110095509706843,0.35601625648687935,0.059752903369180245,0.03019188858806557,0.08670800522033785,0.12529304301863808,0.04273810355203192,0.0761292251159657,0.06779283124486321,0.05669458100915635,0.31446109068865047,0.018691351903624486,0.010293456535540011,-0.0054829597387468995,-0.03616376375163831,-0.00010568939682407963,-0.026526286481204458,-0.06324722681092068,0.005270834453065268,0.2337440830117714,0.11778354756300732,0.2591306698462855,0.27913346190516697,0.22970093958310783,0.08421272746632247,0.18309485615536142,0.10786431425803969,-0.08721837579006826,0.13650477653542115,0.0734564520067913,0.02511701567201554,-0.22678214813583109,-0.2730562911602272,-0.24207548595817113,-0.06777204579460175,-0.0244836767586461,-0.07634623319792062,0.23791990785971778,-0.10515465364726642,-0.1169332858775909,-0.31119860490148654,-0.1938882926591959,-0.10781908660067806,-0.24012242685878676,-0.2737203430930668,-0.24728299655829372,-0.2814993976565004,-0.24178348325116492,-0.10786013769757477,0.015904637333512783,-0.09592809286270212,-0.43074320568993785,0.02954715854073639,-0.07707853465775276,-0.34482342120302406,-0.2525898076508819,-0.25322672346417197,-0.45788018423793875,-0.2423287981909859
1_sim_1,-0.042735878256715466,-0.15777356186269198,-0.06673987181942806,-0.1310606906171391,-0.17847518663285872,0.0017775814074873506,-0.20247644721343286,-0.22157247931325486,-0.11056598393388622,-0.09101465416592788,-0.12554719522088315,0.5460306946728736,1.0,0.4233493187948307,0.458413476420195,0.7052016703918966,0.6195561935954017,0.23119325730463214,0.3340936684891876,0.38853987575546517,0.07720319268666617,-0.0057557254787231026,-0.03319501951863567,0.01735000944274566,0.051087145029173595,0.09027634208294612,-0.13587358316526246,-0.08198277947933032,0.07808252125707545,-0.05813724362593217,-0.0893957366924677,0.0083475619764776,0.11329169446844653,0.04702551480738154,-0.06179521492527954,-0.03500144654679998,-0.02148333346456497,-0.1919761504946882,0.057329870070282486,0.08404899424036633,-0.09382016898176944,-0.2193859478705697,-0.19586193069653002,-0.19653336349303646,-0.2713193128927651,-0.2707231966067538,-0.245559968263171,-0.2820354818002629,-0.03076134870375388,-0.011659723677977258,-0.1681184264950042,-0.25050772706621394,-0.11896855425879281,-0.06619109980462186,-0.25265785896099846,-0.22833428754940477,-0.18315292012085677,-0.2489321183778464,-0.20269144339387196,-0.25274354345928884,0.22656949098494827,0.20245815641915,0.20028252609483743,0.13798789603040992,0.1497074522353305,0.1911300218948161,0.18859810976056812,0.030861591882566652,0.10904087252345145,0.16078179279558225,0.15387647030371585,0.2420252332187226,0.1116683231021576,0.25482979119727617,0.12761639948487602,0.20497018397217054,-0.013354670610087528,0.2016973551463497,0.14491279394230192,0.17880398293649902,0.17400833339067734,0.06949064765935016,-0.05748051413818417,0.06179842598067589,0.09759334789259105,0.055358049587870384,0.07399513812460279,0.1407350194421733,0.1398310416811267,0.1313452924205837,0.07169024017484951,0.029791055384181808,0.1554860303968114,0.21477032856385697,0.11791082781506633,0.05981071221246857,0.16734649012532216,0.07196535678867723,0.11852470121237713,0.1372844489406762,-0.047738850502079336,0.1831901291313015,0.08403057672340224,0.0022341827068641865,0.09422139616856959,0.05271747090208573,0.09323049497233049,0.06874308822756595,0.07568817316071788,-0.17210132813599818,-0.03033627551936284,-0.034067874937708666,-0.10251141440952427,-0.1795151786894541,-0.2964241255875309,-0.26104893234037163,-0.08414395254790455,0.02906891811823814,-0.07220917733645962,-0.026871639515068393,-0.00517200448692444,0.053656247055553545,-0.05709521675463859,-0.04378101580372204,-0.0091732867267663,-0.0787122372923737,-0.06936516754555841,-0.0997275020467151,-0.08369082777142273,-0.01462844470356326,-0.07842490091323316,-0.08391168981639774,-0.017825515695512238,-0.2799259211287587,0.09505859739964992,-0.03204584967194191,-0.22835459899753494,-0.24283368612045414,-0.281103705207987,-0.3641458080591017,-0.3180363987363497
